3,2
10,271
10,105
10,183
10,237
10,99
10,173
10,293
9,5
9,1
9,7
9,2
9,3
8,13
8,6
8,12
8,8
8,11
8,2
8,3
52,6
52,5
52,4
52,3
52,2
52,1
39,4
39,3
39,1
37,5
37,4
37,3
37,2
37,1
33,3
33,1
32,3
32,1
29,3
29,2
29,1
28,3
28,1
27,3
27,1
20,3
20,2
20,1
19,3
19,2
19,1
12,3
12,2
12,1
11,30
11,29
11,28
11,27
11,26
11,25
11,24
11,23
11,22
11,21
11,20
11,19
11,18
11,17
11,16
11,15
11,14
11,13
11,12
11,11
11,10
11,9
18,1
11,8
11,7
11,6
11,5
11,4
11,3
18,3
11,2
11,1
14,1
10,312
10,310
10,307
10,302
10,301
10,300
10,299
10,298
10,297
10,296
10,295
10,291
10,290
10,289
14,3
10,288
10,287
